0 0.249141 0.520625 0.046406 0.078472
0 0.971320 0.727694 0.057359 0.095750
0 0.175910 0.391104 0.018727 0.016431
0 0.202422 0.400576 0.020625 0.016847
0 0.217824 0.398715 0.011008 0.016597
0 0.243953 0.431910 0.036797 0.026514
0 0.254824 0.460778 0.030664 0.031722
0 0.286383 0.405347 0.026281 0.025806
0 0.325664 0.418097 0.028516 0.024944
0 0.430637 0.422181 0.030445 0.028417
0 0.364379 0.435847 0.037086 0.032389
0 0.385422 0.426674 0.016281 0.017486
0 0.447320 0.457743 0.045516 0.048264
0 0.624961 0.504722 0.051172 0.042222
0 0.491508 0.461319 0.038531 0.037917
0 0.531758 0.679236 0.068828 0.112639
0 0.500613 0.555326 0.064164 0.071736
0 0.838098 0.619451 0.089898 0.079181
0 0.594414 0.528681 0.046172 0.057917
0 0.722793 0.548889 0.064336 0.069167
0 0.440617 0.584444 0.052109 0.066389
0 0.352367 0.473542 0.043703 0.064028
0 0.290418 0.596042 0.080211 0.172917
0 0.341457 0.543681 0.040992 0.059861
0 0.834355 0.552944 0.080414 0.066000
