0 0.620227 0.449903 0.048781 0.024944
0 0.631234 0.475611 0.047922 0.033389
0 0.615617 0.500972 0.049703 0.041611
0 0.384469 0.483896 0.043609 0.042986
0 0.262836 0.545500 0.042078 0.060250
0 0.219664 0.929931 0.120156 0.140139
0 0.431777 0.949722 0.127164 0.100556
0 0.309328 0.399833 0.017781 0.017111
0 0.275859 0.404944 0.020078 0.021389
0 0.323352 0.418146 0.029641 0.028236
0 0.970656 0.727410 0.058687 0.076708
0 0.837230 0.691799 0.086023 0.079708
0 0.281984 0.654792 0.057562 0.099861
0 0.323359 0.530486 0.045781 0.069861
0 0.244855 0.468882 0.037164 0.045958
0 0.351992 0.436736 0.020547 0.016806
0 0.390000 0.429750 0.032500 0.025056
0 0.559059 0.775174 0.082117 0.124764
0 0.555629 0.460847 0.035242 0.038972
0 0.502848 0.649896 0.069930 0.107847
0 0.825086 0.548410 0.071391 0.061514
0 0.765480 0.602917 0.067945 0.065556
0 0.199762 0.393236 0.025164 0.017639
0 0.313629 0.475743 0.040336 0.036292
0 0.485773 0.455625 0.032828 0.024556
0 0.461238 0.469694 0.038617 0.034778
