0 0.201984 0.477729 0.031469 0.047069
0 0.262668 0.445514 0.039555 0.044778
0 0.314070 0.416819 0.027797 0.021889
0 0.264434 0.411486 0.021602 0.022361
0 0.238875 0.400875 0.021453 0.025222
0 0.213246 0.436278 0.031789 0.027222
0 0.189934 0.396167 0.015180 0.014139
0 0.172773 0.392743 0.015297 0.014125
0 0.936516 0.692208 0.085641 0.076556
0 0.979398 0.580125 0.041125 0.071694
0 0.929129 0.608486 0.083602 0.075306
0 0.676910 0.580743 0.062211 0.066819
0 0.522504 0.693181 0.066523 0.116250
0 0.682719 0.721694 0.086203 0.128083
0 0.811191 0.676153 0.085023 0.082917
0 0.397383 0.657521 0.071641 0.137236
0 0.590469 0.534722 0.049063 0.047222
0 0.608754 0.475625 0.047336 0.045417
0 0.445859 0.573403 0.050937 0.065833
0 0.284086 0.782111 0.081203 0.169556
0 0.895324 0.962799 0.157008 0.074403
0 0.661305 0.476292 0.047453 0.030861
0 0.676113 0.965410 0.110836 0.069181
0 0.545844 0.583854 0.068469 0.103847
0 0.285934 0.631410 0.047961 0.076819
0 0.274969 0.592215 0.041047 0.060375
0 0.329816 0.546611 0.042914 0.061361
0 0.341012 0.491549 0.042539 0.049431
0 0.345609 0.463465 0.040234 0.029764
0 0.391082 0.440021 0.032648 0.033403
0 0.376566 0.419681 0.022648 0.027417
0 0.447438 0.463569 0.029969 0.034194
0 0.498270 0.484222 0.044211 0.033750
0 0.536230 0.435153 0.038711 0.029750
0 0.473414 0.424493 0.044953 0.040403
0 0.236285 0.520292 0.034773 0.047556
0 0.239328 0.467743 0.032719 0.034181
