0 0.302508 0.420625 0.019672 0.017500
0 0.363703 0.413312 0.023063 0.017208
0 0.331504 0.540139 0.041055 0.059722
0 0.344516 0.431521 0.024672 0.018069
0 0.392566 0.426500 0.025320 0.025222
0 0.319758 0.479104 0.039344 0.033542
0 0.275332 0.489715 0.037570 0.043292
0 0.372516 0.511785 0.041688 0.046153
0 0.506906 0.428312 0.102156 0.085264
0 0.651422 0.444938 0.123406 0.080431
0 0.962680 0.604542 0.074641 0.071000
0 0.258621 0.551111 0.041352 0.070833
0 0.682031 0.499014 0.052500 0.049972
0 0.801473 0.506889 0.065023 0.047667
0 0.572125 0.522993 0.046594 0.042375
0 0.776625 0.655236 0.080969 0.071583
0 0.300543 0.651597 0.050633 0.094306
0 0.565293 0.478840 0.051898 0.052153
0 0.709250 0.550625 0.059781 0.059583
0 0.821539 0.559021 0.067859 0.055764
0 0.422707 0.562986 0.049117 0.070694
0 0.257742 0.947958 0.099156 0.104083
0 0.470949 0.972611 0.102617 0.054778
0 0.625570 0.876194 0.115094 0.177500
0 0.219066 0.396132 0.018102 0.014958
0 0.248004 0.402278 0.029023 0.020917
0 0.281949 0.402431 0.026930 0.021806
