0 0.846730 0.562583 0.068461 0.078778
0 0.613719 0.476444 0.036594 0.034639
0 0.306184 0.413299 0.020102 0.019597
0 0.276934 0.604681 0.046836 0.076667
0 0.575605 0.480167 0.052039 0.051056
0 0.528711 0.726479 0.068359 0.103097
0 0.718422 0.597375 0.064609 0.066917
0 0.778453 0.558708 0.085125 0.088694
0 0.454426 0.589125 0.055680 0.073417
0 0.585508 0.523118 0.048359 0.045514
0 0.385340 0.626479 0.058383 0.094069
0 0.482262 0.471910 0.040164 0.029542
0 0.481121 0.440097 0.038070 0.027583
0 0.436734 0.937632 0.127531 0.124736
0 0.814777 0.926993 0.151930 0.146014
0 0.453957 0.521854 0.045195 0.052125
0 0.346219 0.490486 0.041938 0.049306
0 0.374656 0.439486 0.034672 0.033111
0 0.408109 0.432139 0.030625 0.030528
0 0.258852 0.552486 0.040344 0.060528
0 0.265586 0.479535 0.040859 0.046486
0 0.249609 0.396556 0.025734 0.019333
0 0.211680 0.397153 0.026016 0.029861
0 0.184973 0.388840 0.016633 0.017847
0 0.779617 0.419701 0.037609 0.043347
