0 0.865977 0.722562 0.094297 0.094014
0 0.501902 0.554028 0.048227 0.056472
0 0.741328 0.563014 0.057969 0.054778
0 0.774883 0.540694 0.052734 0.040000
0 0.733437 0.621875 0.068281 0.064028
0 0.288129 0.501903 0.040164 0.041806
0 0.667109 0.496653 0.040297 0.024222
0 0.506684 0.445937 0.118898 0.129653
0 0.366414 0.512368 0.045141 0.052486
0 0.428473 0.501764 0.043555 0.045639
0 0.435254 0.437590 0.027242 0.038431
0 0.347281 0.432146 0.034141 0.030181
0 0.222371 0.425903 0.032836 0.024222
0 0.220785 0.403681 0.021086 0.021556
0 0.560852 0.510090 0.048672 0.048569
0 0.227262 0.470313 0.069102 0.060264
0 0.620637 0.550562 0.052273 0.055542
0 0.396125 0.691528 0.059344 0.093444
0 0.240484 0.466326 0.041906 0.049708
0 0.267316 0.539250 0.040164 0.069194
0 0.652187 0.518014 0.054375 0.040194
