0 0.378410 0.614632 0.057398 0.086014
0 0.271941 0.834542 0.080508 0.158250
0 0.275629 0.705903 0.060305 0.097083
0 0.768801 0.570424 0.067367 0.070264
0 0.814422 0.519903 0.059906 0.057306
0 0.772852 0.653958 0.078312 0.082083
0 0.238156 0.532424 0.036219 0.049736
0 0.274230 0.489556 0.036648 0.038556
0 0.307301 0.470479 0.039898 0.037403
0 0.268156 0.407826 0.020609 0.021597
0 0.241262 0.408785 0.020602 0.017347
0 0.193984 0.396062 0.013234 0.016569
0 0.497332 0.481389 0.042758 0.038750
0 0.686523 0.742688 0.090188 0.116347
0 0.608117 0.889674 0.110719 0.182292
0 0.635223 0.557438 0.058961 0.051931
0 0.426973 0.437000 0.039977 0.040611
0 0.398141 0.447889 0.036063 0.028944
0 0.963125 0.703660 0.073750 0.076486
0 0.596781 0.457896 0.030906 0.040597
0 0.762918 0.405868 0.037430 0.043542
0 0.556516 0.462569 0.054156 0.048472
0 0.324922 0.416861 0.035469 0.035861
0 0.458512 0.950951 0.122648 0.098097
0 0.478852 0.613368 0.064422 0.087764
