0 0.292559 0.507222 0.038398 0.059167
0 0.737738 0.492535 0.051555 0.051847
0 0.322051 0.417250 0.041477 0.034167
0 0.293828 0.776736 0.077500 0.142361
0 0.748047 0.576944 0.067812 0.056667
0 0.544289 0.734896 0.073797 0.107569
0 0.299766 0.596875 0.042813 0.076250
0 0.897074 0.460250 0.071336 0.064389
0 0.508652 0.563542 0.054258 0.062917
0 0.327734 0.539931 0.041406 0.059028
0 0.250812 0.552222 0.039312 0.045556
0 0.911797 0.593854 0.084531 0.051458
0 0.331250 0.487576 0.037812 0.042931
0 0.919148 0.552625 0.068094 0.043333
0 0.733637 0.797618 0.114133 0.165764
0 0.387320 0.633444 0.079734 0.189833
0 0.431164 0.569250 0.033141 0.065722
0 0.432031 0.510687 0.047344 0.061403
0 0.371945 0.477250 0.038625 0.033167
0 0.399813 0.415368 0.035547 0.027986
0 0.260984 0.487153 0.035062 0.034861
0 0.260906 0.455625 0.032563 0.028833
0 0.289844 0.436118 0.038594 0.040292
0 0.259586 0.408938 0.031500 0.026625
0 0.214391 0.402653 0.020875 0.018722
