0 0.406152 0.436361 0.013133 0.022694
0 0.495129 0.629285 0.060523 0.101069
0 0.765648 0.642278 0.076359 0.085111
0 0.918949 0.660556 0.097883 0.098611
0 0.629598 0.511806 0.050289 0.044444
0 0.648152 0.569306 0.056773 0.048333
0 0.466477 0.447569 0.038609 0.036528
0 0.400488 0.678611 0.059961 0.111389
0 0.369895 0.590764 0.047711 0.065972
0 0.868812 0.931986 0.138781 0.136028
0 0.703328 0.499861 0.055531 0.045000
0 0.663223 0.967556 0.108164 0.064889
0 0.532645 0.583896 0.055836 0.064208
0 0.551941 0.464056 0.031086 0.029556
0 0.466137 0.419931 0.032602 0.018806
0 0.374281 0.519132 0.041453 0.046819
0 0.381187 0.477687 0.038859 0.036069
0 0.331566 0.481174 0.038711 0.041792
0 0.257316 0.480236 0.033023 0.041139
0 0.248656 0.445806 0.034203 0.033417
0 0.296605 0.418160 0.029508 0.018625
0 0.261773 0.413431 0.019828 0.020639
0 0.218465 0.406451 0.018008 0.013319
0 0.188691 0.394229 0.012602 0.010736
0 0.239391 0.403396 0.018422 0.012403
0 0.174168 0.399417 0.014367 0.008889
0 0.200926 0.448618 0.024883 0.030819
0 0.352504 0.413264 0.024742 0.037472
0 0.426203 0.434785 0.024469 0.028347
0 0.443539 0.502944 0.049437 0.066778
0 0.657918 0.699174 0.088586 0.113542
0 0.544996 0.502125 0.044727 0.050056
0 0.308668 0.521285 0.039961 0.057486
0 0.597602 0.826569 0.094047 0.139778
