0 0.443910 0.464708 0.036945 0.033833
0 0.576258 0.483083 0.050875 0.052889
0 0.715336 0.513646 0.055375 0.059792
0 0.700340 0.598917 0.066695 0.071306
0 0.340656 0.542938 0.051359 0.061986
0 0.284801 0.690958 0.060633 0.132806
0 0.409402 0.675194 0.059086 0.113833
0 0.849680 0.694007 0.087203 0.083181
0 0.520848 0.659646 0.072633 0.122097
0 0.266211 0.587076 0.045391 0.076542
0 0.456187 0.603403 0.051344 0.075972
0 0.772941 0.870417 0.115055 0.148306
0 0.249414 0.911667 0.100078 0.157500
0 0.362660 0.436458 0.033430 0.028750
0 0.313043 0.422993 0.028133 0.025708
0 0.675918 0.960160 0.117727 0.079681
0 0.495520 0.553576 0.048961 0.051958
0 0.422461 0.543813 0.056203 0.073264
0 0.236813 0.520604 0.035078 0.053403
0 0.263582 0.484785 0.035633 0.042792
0 0.229723 0.453271 0.039555 0.036819
0 0.371609 0.410979 0.031906 0.019236
0 0.877773 0.645674 0.082687 0.071264
0 0.487477 0.435521 0.034141 0.035819
0 0.596891 0.462910 0.031953 0.039153
0 0.457371 0.446785 0.027852 0.034542
0 0.241891 0.405576 0.029828 0.027514
0 0.265168 0.396160 0.017008 0.016597
0 0.311297 0.403347 0.022578 0.014111
0 0.213883 0.401493 0.022578 0.023292
0 0.227398 0.382785 0.020625 0.017597
0 0.176527 0.394056 0.016445 0.014861
