0 0.515797 0.433931 0.043375 0.027806
0 0.461477 0.523111 0.052953 0.065722
0 0.543203 0.583111 0.055266 0.079056
0 0.327953 0.540611 0.041750 0.060667
0 0.438457 0.582187 0.049336 0.062819
0 0.475582 0.632667 0.058523 0.081889
0 0.698539 0.537701 0.054016 0.058625
0 0.736105 0.520833 0.052773 0.043889
0 0.842023 0.614785 0.071734 0.071792
0 0.779336 0.647979 0.084297 0.107069
0 0.262273 0.899896 0.121719 0.188958
0 0.624359 0.679708 0.075906 0.101861
0 0.291832 0.503958 0.038680 0.049583
0 0.552844 0.472118 0.052297 0.055625
0 0.616543 0.497646 0.051570 0.059653
0 0.285625 0.625569 0.053938 0.103528
0 0.990824 0.642319 0.018023 0.057972
0 0.174680 0.376854 0.062672 0.065958
0 0.227965 0.407368 0.019148 0.017764
0 0.371281 0.441167 0.020922 0.024806
0 0.345156 0.419979 0.017969 0.013514
0 0.301687 0.405174 0.020406 0.013514
0 0.254941 0.400451 0.022070 0.023681
0 0.267438 0.414792 0.016453 0.014250
0 0.234754 0.443340 0.030836 0.026764
0 0.230180 0.470417 0.035422 0.031667
0 0.270473 0.435424 0.032883 0.025486
0 0.274313 0.464215 0.036266 0.029931
0 0.324051 0.447819 0.039508 0.041750
0 0.409227 0.447632 0.023578 0.020347
0 0.385078 0.483278 0.037625 0.039139
0 0.378805 0.514618 0.045156 0.061208
0 0.464289 0.453993 0.034859 0.026653
