0 0.308711 0.530472 0.042109 0.070389
0 0.239020 0.521167 0.038992 0.063167
0 0.853082 0.942833 0.107055 0.107611
0 0.273965 0.838125 0.085648 0.126250
0 0.336602 0.428403 0.023203 0.020972
0 0.380781 0.628889 0.048906 0.078611
0 0.830715 0.612056 0.071617 0.062139
0 0.985582 0.636264 0.028383 0.087583
0 0.639145 0.561507 0.038602 0.050625
0 0.668086 0.521965 0.043828 0.044931
0 0.423809 0.421687 0.037070 0.034153
0 0.507133 0.464465 0.040359 0.037986
0 0.874926 0.697778 0.079148 0.081972
0 0.195484 0.441431 0.021078 0.032833
0 0.232527 0.399243 0.017992 0.020958
0 0.189699 0.396042 0.019789 0.021556
0 0.190449 0.470444 0.015805 0.044722
0 0.252023 0.404090 0.029406 0.027014
0 0.342445 0.411306 0.024250 0.017111
0 0.295172 0.464590 0.040453 0.048736
0 0.345664 0.492236 0.041797 0.043389
0 0.565262 0.445618 0.043867 0.028653
0 0.562930 0.488056 0.046641 0.033611
0 0.597527 0.639708 0.068070 0.083917
0 0.434109 0.900229 0.092875 0.196125
